function cm = ieeg_kjmloccolormap()
% just to save kjm loc_colormap in a .m text file
% dh

cm = [...
         0    0.0529    1.0000
         0    0.0680    0.9906
         0    0.0863    0.9812
         0    0.1084    0.9719
         0    0.1346    0.9625
         0    0.1653    0.9531
         0    0.2008    0.9437
         0    0.2412    0.9344
         0    0.2865    0.9250
         0    0.3366    0.9156
         0    0.3911    0.9062
         0    0.4493    0.8969
         0    0.5106    0.8875
         0    0.5738    0.8781
         0    0.6376    0.8687
         0    0.7008    0.8594
    0.0349    0.7617    0.8500
    0.0426    0.8187    0.8406
    0.0520    0.8703    0.8312
    0.0635    0.9149    0.8219
    0.0776    0.9512    0.8125
    0.0947    0.9780    0.8031
    0.1157    0.9945    0.7937
    0.1413    1.0000    0.7844
    0.1726    0.9945    0.7750
    0.2108    0.9780    0.7656
    0.2575    0.9512    0.7562
    0.3145    0.9149    0.7469
    0.3842    0.8703    0.7375
    0.4692    0.8187    0.7281
    0.5731    0.7617    0.7187
    0.7000    0.7008    0.7094
    0.7094    0.7008    0.7000
    0.7187    0.7617    0.5731
    0.7281    0.8187    0.4692
    0.7375    0.8703    0.3842
    0.7469    0.9149    0.3145
    0.7562    0.9512    0.2575
    0.7656    0.9780    0.2108
    0.7750    0.9945    0.1726
    0.7844    1.0000    0.1413
    0.7937    0.9945    0.1157
    0.8031    0.9780    0.0947
    0.8125    0.9512    0.0776
    0.8219    0.9149    0.0635
    0.8312    0.8703    0.0520
    0.8406    0.8187    0.0426
    0.8500    0.7617    0.0349
    0.8594    0.7008         0
    0.8687    0.6376         0
    0.8781    0.5738         0
    0.8875    0.5106         0
    0.8969    0.4493         0
    0.9062    0.3911         0
    0.9156    0.3366         0
    0.9250    0.2865         0
    0.9344    0.2412         0
    0.9437    0.2008         0
    0.9531    0.1653         0
    0.9625    0.1346         0
    0.9719    0.1084         0
    0.9812    0.0863         0
    0.9906    0.0680         0
    1.0000    0.0529         0];