function cmap = make_WangColormap()

% Wang_ROI_Names = {...
%     'V1v' 'V1d' 'V2v' 'V2d' 'V3v' 'V3d' 'hV4' 'VO1' 'VO2' 'PHC1' 'PHC2' ...
%     'TO2' 'TO1' 'LO2' 'LO1' 'V3B' 'V3A' 'IPS0' 'IPS1' 'IPS2' 'IPS3' 'IPS4' ...
%     'IPS5' 'SPL1' 'FEF'};

cmap = [...
    0.9438    0.3910    0.2668
    0.1974    0.5129    0.7403
    0.5978    0.8408    0.6445
    0.3686    0.3098    0.6353
    0.9955    0.8227    0.4828
    0.8417    0.9409    0.6096
    0.6196    0.0039    0.2588
    0.8    0.8    0.4
    0.3539    0.7295    0.6562
    0.9877    0.6154    0.3391
    0.8206    0.2239    0.3094
    0.9    0.6    1
    0.3438    0.3910    0.3668
    0.6974    0.5129    0.8403
    0.1978    0.8408    0.7445
    0.3955    0.8227    0.5828
    0.9686    0.3098    0.7353
    0.2417    0.9409    0.7096
    0.2196    0.0039    0.7588
    0.2    0.8    0.5
    0.9539    0.7295    0.7562
    0.2877    0.6154    0.4391
    0.2206    0.2239    0.4094
    0.9    1    .7
    .2 .5 .2];